<?xml version="1.0"?>
<opencv_storage>
<mine1_mean>
  9.4897761699507399e+01 9.4897761699507399e+01 9.4897761699507399e+01</mine1_mean>
<mine1_dev>
  4.5951697304210576e+01 4.8856431792076172e+01 6.3448418820890112e+01</mine1_dev>
<mine2_mean>
  1.6541607361963190e+02 1.6541607361963190e+02 1.6541607361963190e+02</mine2_mean>
<mine2_dev>
  8.7183472558650365e+01 9.0036523896134966e+01 3.7802432506833753e+01</mine2_dev>
<mine3_mean>
  1.8346729670329668e+02 1.8346729670329668e+02 1.8346729670329668e+02
  1.8346729670329668e+02</mine3_mean>
<mine3_dev>
  2.9635714722147167e+01 3.0123359933120135e+01 3.7417440353160210e+01
  2.6973983046972182e-06</mine3_dev>
</opencv_storage>
